0.0906323 4.876091 -10.01395 0.2297527 -0.001249953 0.0002950738 0.9732482
0.108613 4.876091 -10.01389 0.2297524 -0.002124942 0.0005016308 0.9732467
0.1211966 4.876091 -10.01383 0.229752 -0.002737295 0.0006461876 0.9732451
0.1300084 4.876091 -10.01377 0.2297517 -0.003166104 0.0007474158 0.9732438
0.1361737 4.876091 -10.01373 0.2297515 -0.00346613 0.0008182424 0.9732428
0.1404938 4.876091 -10.0137 0.2297513 -0.003676358 0.0008678703 0.9732421
-319.9423 52.0158 202.0009 0.2297524 -0.001793954 0.0004234949 0.9732473
-319.9694 52.0158 202.0008 0.2297528 -0.0004767042 0.0001125345 0.9732489
-319.9883 52.0158 202.0008 0.2297528 0.0004455179 -0.0001051725 0.9732489
-320.0016 52.0158 202.0009 0.2297529 0.00109152 -0.0002576731 0.9732484
-320.0109 52.0158 202.0009 0.2297526 0.001542979 -0.0003642478 0.9732478
-320.0174 52.0158 202.0009 0.2297526 0.001859299 -0.0004389212 0.9732472
-320.0219 52.0158 202.0009 0.2297524 0.002080574 -0.0004911569 0.9732468
-320.0251 52.0158 202.0009 0.2297524 0.002236507 -0.0005279678 0.9732465
-320.0273 52.0158 202.001 0.2297524 0.002344918 -0.0005535604 0.9732462
-320.0289 52.0158 202.001 0.2297522 0.002420655 -0.000571439 0.973246
-320.03 52.0158 202.001 0.2297523 0.00247412 -0.0005840609 0.9732459
-320.0308 52.0158 202.001 0.2297522 0.002511246 -0.000592825 0.9732457
-320.0313 52.0158 202.001 0.2297522 0.002537977 -0.0005991352 0.9732457
-320.0317 52.0158 202.001 0.2297522 0.002555797 -0.0006033419 0.9732456
-320.032 52.0158 202.001 0.2297521 0.002569163 -0.000606497 0.9732456
-320.0321 52.0158 202.001 0.229752 0.002578073 -0.0006086002 0.9732456
-320.0323 52.0158 202.001 0.229752 0.002584013 -0.0006100025 0.9732456
-320.0323 36.94157 202.001 0.229752 0.002586983 -0.0006107036 0.9732456
-320.0324 36.94157 202.001 0.229752 0.002589953 -0.0006114048 0.9732456
-320.0324 36.94157 202.001 0.229752 0.002591438 -0.0006117553 0.9732456
-320.0324 36.94157 202.001 0.229752 0.002592923 -0.0006121058 0.9732456
-320.0325 36.94157 202.001 0.229752 0.002594408 -0.0006124564 0.9732456
-320.0325 36.94157 202.001 0.229752 0.002594408 -0.0006124564 0.9732456
-320.0325 36.94157 202.001 0.229752 0.002594408 -0.0006124564 0.9732456
-320.0325 36.94157 202.001 0.229752 0.002594408 -0.0006124564 0.9732456
-320.0325 36.94157 202.001 0.229752 0.002594408 -0.0006124564 0.9732456
-320.0325 36.94157 202.001 0.229752 0.002594408 -0.0006124564 0.9732456
-320.0325 36.94157 202.001 0.229752 0.002594408 -0.0006124564 0.9732456
-320.0325 36.94157 202.001 0.229752 0.002594408 -0.0006124564 0.9732456
-320.0325 36.94157 202.001 0.229752 0.002594408 -0.0006124564 0.9732456
-320.0325 36.94157 202.001 0.229752 0.002594408 -0.0006124564 0.9732456
-320.0325 36.94157 202.001 0.229752 0.002594408 -0.0006124564 0.9732456
-320.0325 36.94157 202.001 0.229752 0.002594408 -0.0006124564 0.9732456
-320.0325 21.58262 202.001 0.229752 0.002594408 -0.0006124564 0.9732456
-320.0325 21.58262 202.001 0.229752 0.002594408 -0.0006124564 0.9732456
-320.0325 21.58262 202.001 0.229752 0.002594408 -0.0006124564 0.9732456
-320.0325 21.58262 202.001 0.229752 0.002594408 -0.0006124564 0.9732456
-320.0325 21.58262 202.001 0.229752 0.002594408 -0.0006124564 0.9732456
-320.0325 21.58262 202.001 0.229752 0.002594408 -0.0006124564 0.9732456
-320.0325 21.58262 202.001 0.229752 0.002594408 -0.0006124564 0.9732456
-320.0325 21.58262 202.001 0.229752 0.002594408 -0.0006124564 0.9732456
-320.0325 21.58262 202.001 0.229752 0.002594408 -0.0006124564 0.9732456
-320.0325 21.58262 202.001 0.229752 0.002594408 -0.0006124564 0.9732456
-320.0325 21.58262 202.001 0.229752 0.002594408 -0.0006124564 0.9732456
-320.0325 21.58262 202.001 0.229752 0.002594408 -0.0006124564 0.9732456
-320.0325 21.58262 202.001 0.229752 0.002594408 -0.0006124564 0.9732456
-320.0325 21.58262 202.001 0.229752 0.002594408 -0.0006124564 0.9732456
-320.0325 21.58262 202.001 0.229752 0.002594408 -0.0006124564 0.9732456
-320.0325 21.58262 202.001 0.229752 0.002594408 -0.0006124564 0.9732456
-320.0325 21.58262 202.001 0.229752 0.002594408 -0.0006124564 0.9732456
-320.0324 3.54436 202.001 0.229752 0.002592923 -0.0006121058 0.9732456
-320.0324 3.54436 202.001 0.229752 0.002592923 -0.0006121058 0.9732456
-320.0324 3.54436 202.001 0.229752 0.002592923 -0.0006121058 0.9732456
-320.0324 3.54436 202.001 0.229752 0.002592923 -0.0006121058 0.9732456
-320.0324 3.54436 202.001 0.229752 0.002592923 -0.0006121058 0.9732456
-320.0324 3.54436 202.001 0.229752 0.002592923 -0.0006121058 0.9732456
-320.0324 3.54436 202.001 0.229752 0.002592923 -0.0006121058 0.9732456
-320.0324 3.54436 202.001 0.229752 0.002592923 -0.0006121058 0.9732456
-320.0324 3.54436 202.001 0.229752 0.002592923 -0.0006121058 0.9732456
-320.0324 3.54436 202.001 0.229752 0.002592923 -0.0006121058 0.9732456
-320.0324 3.54436 202.001 0.229752 0.002592923 -0.0006121058 0.9732456
-320.0324 3.54436 202.001 0.229752 0.002592923 -0.0006121058 0.9732456
-320.0324 3.54436 202.001 0.229752 0.002592923 -0.0006121058 0.9732456
-320.0324 3.54436 202.001 0.229752 0.002592923 -0.0006121058 0.9732456
-320.0324 3.54436 202.001 0.229752 0.002592923 -0.0006121058 0.9732456
-320.0324 3.54436 202.001 0.229752 0.002592923 -0.0006121058 0.9732456
-320.0324 3.54436 202.001 0.229752 0.002592923 -0.0006121058 0.9732456
-320.0324 -11.99707 202.001 0.229752 0.002591438 -0.0006117553 0.9732456
-320.0324 -11.99707 202.001 0.229752 0.002591438 -0.0006117553 0.9732456
-320.0324 -11.99707 202.001 0.229752 0.002591438 -0.0006117553 0.9732456
-320.0324 -11.99707 202.001 0.229752 0.002591438 -0.0006117553 0.9732456
-320.0324 -11.99707 202.001 0.229752 0.002591438 -0.0006117553 0.9732456
-320.0324 -11.99707 202.001 0.229752 0.002591438 -0.0006117553 0.9732456
-320.0324 -11.99707 202.001 0.229752 0.002591438 -0.0006117553 0.9732456
-320.0324 -11.99707 202.001 0.229752 0.002591438 -0.0006117553 0.9732456
-320.0324 -11.99707 202.001 0.229752 0.002591438 -0.0006117553 0.9732456
-320.0324 -11.99707 202.001 0.229752 0.002591438 -0.0006117553 0.9732456
-320.0324 -11.99707 202.001 0.229752 0.002591438 -0.0006117553 0.9732456
-320.0324 -11.99707 202.001 0.229752 0.002591438 -0.0006117553 0.9732456
-320.0324 -11.99707 202.001 0.229752 0.002591438 -0.0006117553 0.9732456
-320.0324 -11.99707 202.001 0.229752 0.002591438 -0.0006117553 0.9732456
-320.0324 -11.99707 202.001 0.229752 0.002591438 -0.0006117553 0.9732456
-320.0324 -11.99707 202.001 0.229752 0.002591438 -0.0006117553 0.9732456
-320.0324 -11.99707 202.001 0.229752 0.002591438 -0.0006117553 0.9732456
-320.0324 -26.18938 202.001 0.229752 0.002589953 -0.0006114048 0.9732456
-320.0323 -26.18938 202.001 0.229752 0.002588468 -0.0006110542 0.9732456
-320.0323 -26.18938 202.001 0.229752 0.002588468 -0.0006110542 0.9732456
-320.0323 -26.18938 202.001 0.229752 0.002588468 -0.0006110542 0.9732456
-320.0323 -26.18938 202.001 0.229752 0.002588468 -0.0006110542 0.9732456
-320.0323 -26.18938 202.001 0.229752 0.002588468 -0.0006110542 0.9732456
-320.0323 -26.18938 202.001 0.229752 0.002588468 -0.0006110542 0.9732456
-320.0323 -26.18938 202.001 0.229752 0.002588468 -0.0006110542 0.9732456
-320.0323 -26.18938 202.001 0.229752 0.002588468 -0.0006110542 0.9732456
-320.0323 -26.18938 202.001 0.229752 0.002588468 -0.0006110542 0.9732456
-320.0323 -26.18938 202.001 0.229752 0.002588468 -0.0006110542 0.9732456
-320.0323 -26.18938 202.001 0.229752 0.002588468 -0.0006110542 0.9732456
-320.0323 -26.18938 202.001 0.229752 0.002588468 -0.0006110542 0.9732456
-320.0323 -26.18938 202.001 0.229752 0.002588468 -0.0006110542 0.9732456
-320.0323 -26.18938 202.001 0.229752 0.002588468 -0.0006110542 0.9732456
-320.0323 -26.18938 202.001 0.229752 0.002588468 -0.0006110542 0.9732456
-320.0323 -38.72007 202.001 0.229752 0.002586983 -0.0006107036 0.9732456
-320.0323 -38.72007 202.001 0.229752 0.002585498 -0.0006103531 0.9732456
-320.0323 -38.72007 202.001 0.229752 0.002585498 -0.0006103531 0.9732456
-320.0323 -38.72007 202.001 0.229752 0.002585498 -0.0006103531 0.9732456
-320.0323 -38.72007 202.001 0.229752 0.002585498 -0.0006103531 0.9732456
-320.0323 -38.72007 202.001 0.229752 0.002585498 -0.0006103531 0.9732456
-320.0323 -38.72007 202.001 0.229752 0.002585498 -0.0006103531 0.9732456
-320.0323 -38.72007 202.001 0.229752 0.002585498 -0.0006103531 0.9732456
-320.0323 -38.72007 202.001 0.229752 0.002585498 -0.0006103531 0.9732456
-320.0323 -38.72007 202.001 0.229752 0.002585498 -0.0006103531 0.9732456
-320.0323 -38.72007 202.001 0.229752 0.002585498 -0.0006103531 0.9732456
-320.0323 -38.72007 202.001 0.229752 0.002585498 -0.0006103531 0.9732456
-320.0323 -38.72007 202.001 0.229752 0.002585498 -0.0006103531 0.9732456
-320.0323 -38.72007 202.001 0.229752 0.002585498 -0.0006103531 0.9732456
-320.0323 -38.72007 202.001 0.229752 0.002585498 -0.0006103531 0.9732456
-320.0323 -38.72007 202.001 0.229752 0.002585498 -0.0006103531 0.9732456
-320.0323 -38.72007 202.001 0.229752 0.002585498 -0.0006103531 0.9732456
-320.0323 -52.1641 202.001 0.229752 0.002584013 -0.0006100025 0.9732456
-320.0323 -52.1641 202.001 0.229752 0.002584013 -0.0006100025 0.9732456
-320.0323 -52.1641 202.001 0.229752 0.002584013 -0.0006100025 0.9732456
-320.0323 -52.1641 202.001 0.229752 0.002584013 -0.0006100025 0.9732456
-320.0323 -52.1641 202.001 0.229752 0.002584013 -0.0006100025 0.9732456
-320.0323 -52.1641 202.001 0.229752 0.002584013 -0.0006100025 0.9732456
-320.0323 -52.1641 202.001 0.229752 0.002584013 -0.0006100025 0.9732456
-320.0323 -52.1641 202.001 0.229752 0.002584013 -0.0006100025 0.9732456
-320.0323 -52.1641 202.001 0.229752 0.002584013 -0.0006100025 0.9732456
-320.0323 -52.1641 202.001 0.229752 0.002584013 -0.0006100025 0.9732456
-320.0323 -52.1641 202.001 0.229752 0.002584013 -0.0006100025 0.9732456
-320.0323 -52.1641 202.001 0.229752 0.002584013 -0.0006100025 0.9732456
-320.0323 -52.1641 202.001 0.229752 0.002584013 -0.0006100025 0.9732456
-320.0323 -52.1641 202.001 0.229752 0.002584013 -0.0006100025 0.9732456
-320.0323 -52.1641 202.001 0.229752 0.002584013 -0.0006100025 0.9732456
-320.0323 -52.1641 202.001 0.229752 0.002584013 -0.0006100025 0.9732456
-320.0323 -52.1641 202.001 0.229752 0.002584013 -0.0006100025 0.9732456
-320.0322 -65.21043 202.001 0.229752 0.002582528 -0.000609652 0.9732456
-320.0322 -65.21043 202.001 0.229752 0.002581043 -0.0006093014 0.9732456
